236 107
107 851
479 73
374 417
559 565
613 966
983 358
107 231
734 1011
713 995
703 970
156 850
767 850
655 349
734 621
511 412
171 875
686 910
115 420
613 653
251 352
560 1010
156 177
679 279
237 299
279 201
983 687
854 215
684 298
610 302
572 382
313 381
107 364
97 646
983 107
948 407
851 633
850 941
456 621
536 703
934 335
417 177
236 613
983 231
26 736
156 645
237 73
582 1
637 27
474 887
861 618
171 613
905 171
810 582
851 68
107 308
308 564
75 559
300 457
504 850
349 1011
560 157
236 746
1001 301
767 851
529 995
449 910
773 983
789 244
966 420
851 301
789 171
298 236
309 748
749 508
79 421
573 604
441 613
977 456
107 536
107 850
279 295
126 850
962 684
8 58
49 107
94 1002
107 244
157 920
672 687
780 986
231 1013
171 168
851 922
613 995
302 892
298 560
777 107
156 645
536 48
850 405
966 107
107 922
107 902
358 983
613 564
304 850
565 983
410 156
714 850
107 420
925 298
412 125
177 406
142 43
156 720
123 449
8 769
672 316
687 432
850 412
725 339
26 156
1011 467
565 237
107 722
717 850
1 957
238 709
972 534
162 69
769 232
587 1013
664 316
177 736
907 245
107 851
160 910
613 69
107 892
157 850
536 993
564 565
160 529
836 939
852 851
157 73
809 938
382 1013
107 467
85 560
237 854
714 780
850 247
1013 379
236 560
940 231
543 107
850 72
854 107
66 972
916 177
536 839
907 231
26 1013
136 982
107 995
298 851
301 236
948 237
983 653
1013 107
237 687
850 344
609 159
434 236
625 168
609 479
736 856
851 613
922 892
107 767
613 769
8 83
761 301
237 364
543 251
565 364
125 524
850 913
925 887
744 734
107 364
625 171
662 228
587 761
551 850
236 634
1011 410
820 927
917 565
191 457
882 634
1013 560
584 97
964 850
146 456
968 964
851 29
572 107
95 983
1015 769
851 983
572 171
968 474
687 962
536 8
997 412
725 298
913 162
218 1003
777 1
975 107
731 472
962 851
171 353
215 777
355 565
228 171
957 849
962 824
634 962
1001 941
983 703
1013 489
237 584
474 298
981 177
182 928
610 634
107 236
955 107
107 156
748 599
748 983
854 177
1003 957
850 412
236 769
962 325
850 664
299 168
773 769
672 850
962 275
966 289
734 479
236 968
722 687
237 816
437 322
850 647
417 983
559 862
672 703
560 1011
417 72
1013 565
66 759
431 298
810 377
107 68
433 439
107 1011
322 171
26 687
295 107
966 559
875 957
171 237
974 799
479 277
279 835
584 301
812 500
364 909
16 955
1013 982
1013 966
850 850
107 1013
497 107
177 709
851 966
559 72
112 1005
560 796
218 162
215 69
915 728
664 107
968 887
408 316
1013 922
957 483
237 481
236 990
0 1013
107 789
107 882
652 457
456 621
468 668
156 910
298 969
731 983
107 975
233 767
8 748
236 301
305 456
236 107
439 968
107 417
613 995
972 107
406 279
156 986
420 1013
206 107
177 171
668 852
212 664
226 572
107 107
777 383
417 850
171 625
237 975
943 236
220 672
850 634
474 975
674 972
506 966
159 449
47 633
318 301
156 800
123 20
995 613
983 160
587 232
157 1015
474 364
687 565
664 125
107 967
734 231
226 119
777 497
71 107
672 171
1013 1013
836 572
228 206
237 8
910 497
310 910
705 634
309 107
236 725
659 231
964 231
412 664
560 773
237 295
236 613
851 559
687 909
107 289
383 237
236 613
780 156
412 107
613 456
156 687
107 66
725 409
851 236
902 107
711 851
232 237
193 89
301 402
231 751
310 75
412 107
156 298
237 679
983 407
107 107
160 915
799 156
456 160
309 294
456 224
530 156
717 159
800 1
587 412
236 237
107 319
177 467
136 679
777 780
123 850
156 322
159 457
3 171
752 480
234 414
687 122
983 703
6 536
69 129
983 980
89 1013
417 309
213 301
68 215
168 1013
0 107
948 850
399 725
972 301
157 237
308 899
237 415
156 850
128 171
111 206
237 66
76 954
782 237
948 56
248 188
850 613
734 43
485 236
718 972
171 107
997 1010
686 467
728 237
26 206
119 1022
907 504
615 613
172 467
850 1022
20 1008
218 107
684 634
172 309
74 584
621 177
613 560
672 107
156 966
301 49
583 572
982 156
374 407
725 47
182 646
985 456
995 713
237 374
780 957
613 171
72 97
66 809
86 625
85 703
172 467
69 526
156 684
703 995
927 107
107 972
218 717
107 1011
107 534
171 289
519 1013
836 156
856 938
236 905
236 721
850 107
107 972
509 916
467 455
850 183
790 107
467 983
760 289
107 20
171 107
915 125
668 966
1011 158
957 887
267 887
613 1013
536 667
797 232
590 1013
989 862
458 236
948 37
790 816
237 74
725 237
226 850
171 1022
938 107
722 800
467 851
247 66
683 69
850 26
927 298
637 107
957 983
107 672
156 107
177 301
613 718
941 479
975 851
736 687
402 107
405 236
621 232
236 57
497 966
467 980
171 983
412 251
302 236
530 536
560 177
474 85
1011 957
761 107
621 369
228 983
851 782
107 295
405 236
908 851
136 793
850 393
584 536
400 47
106 107
1011 171
213 521
263 767
405 924
441 983
247 156
107 84
182 851
543 736
851 993
302 378
251 701
3 236
473 913
891 58
353 530
335 850
402 131
899 613
162 530
746 851
237 288
177 462
509 929
966 302
687 298
621 957
412 925
407 530
780 962
670 8
995 560
192 26
850 405
655 801
107 1
824 156
107 511
1011 171
107 568
832 851
927 26
577 812
851 456
850 958
560 907
910 107
456 417
703 809
236 63
107 564
300 236
69 26
1022 69
142 604
364 171
279 298
850 725
171 983
767 171
51 809
812 679
722 631
613 634
367 1013
414 1013
672 237
129 294
809 107
236 584
107 27
156 1011
1 171
107 962
379 938
107 789
107 69
156 613
664 412
1013 584
107 171
634 604
767 725
587 905
309 1013
870 130
724 171
613 69
301 687
237 850
377 386
536 177
634 107
339 613
406 36
600 972
983 119
215 467
107 156
177 20
364 233
237 572
613 157
107 980
691 244
621 107
460 156
467 9
177 236
412 318
116 231
382 1022
313 582
237 909
983 107
850 882
966 136
37 748
289 664
107 177
504 645
687 467
458 529
668 725
645 67
1011 74
247 749
613 237
107 725
634 613
1013 950
312 66
693 381
123 236
263 301
456 948
548 850
162 962
497 687
400 983
309 613
613 1011
156 310
995 421
957 305
378 157
983 123
432 236
107 157
193 784
32 236
462 851
850 206
156 847
26 968
1011 417
236 379
162 107
226 559
107 968
355 364
407 527
107 118
20 850
32 107
107 156
572 48
983 1013
850 107
802 107
43 966
534 565
107 777
587 171
715 237
8 638
780 364
205 8
625 348
536 802
983 865
948 133
787 107
20 299
802 850
107 156
177 983
621 955
107 298
107 584
736 236
882 985
962 809
587 751
171 850
309 106
323 119
107 948
959 613
116 718
171 621
304 850
865 962
1022 157
767 966
423 767
89 172
107 709
789 983
316 107
107 850
851 621
66 177
171 715
474 990
289 882
709 474
81 107
412 717
565 20
995 107
458 664
850 162
983 905
309 536
107 909
232 236
414 142
108 156
289 299
1 156
1013 107
383 621
769 882
418 1013
910 966
767 1013
780 107
183 664
856 975
686 107
962 983
289 58
69 474
613 157
299 467
237 1
236 27
739 634
300 313
322 171
524 812
107 703
664 1008
171 906
603 237
530 67
1011 1005
171 309
613 412
850 1013
458 868
902 66
761 957
115 107
43 339
301 462
718 851
750 231
171 177
922 97
405 142
396 664
177 836
664 684
339 497
236 245
136 335
673 162
414 462
1 851
800 736
559 959
170 709
590 995
583 107
962 205
107 8
511 156
711 107
864 364
1013 432
236 916
711 26
171 847
20 156
613 237
426 966
156 107
995 107
1013 957
236 193
647 725
767 602
851 560
957 412
1003 175
177 671
231 777
417 301
279 407
604 809
687 843
177 983
964 414
814 565
298 171
604 850
703 909
221 84
182 559
686 851
910 177
687 162
156 687
849 301
467 377
107 364
83 417
882 279
686 613
777 322
938 236
536 972
107 867
816 850
883 107
1013 322
983 480
193 824
8 107
238 749
938 902
143 43
237 1013
966 107
412 817
939 73
610 851
749 339
672 850
160 405
964 566
275 248
1013 237
231 136
672 850
177 236
851 851
1 177
107 652
559 536
625 524
156 407
709 955
316 107
218 238
966 456
310 851
684 248
621 316
69 171
870 983
826 156
850 309
1013 107
1011 191
298 966
621 972
26 254
236 536
1013 530
237 851
864 68
474 736
584 664
76 851
957 1
1005 177
107 560
107 474
1013 995
45 107
424 237
970 479
236 247
736 83
687 983
857 177
51 613
672 1022
177 983
322 157
68 962
177 851
107 25
364 703
363 498
1 711
851 863
301 461
706 1
279 133
177 107
767 803
1022 746
1013 957
476 811
709 718
237 479
1022 722
156 162
162 925
703 26
153 107
237 136
1 51
950 106
530 335
777 748
957 301
457 69
400 530
341 571
289 817
300 769
687 238
910 780
972 647
27 577
992 527
503 107
429 751
850 97
850 316
107 777
583 412
746 851
613 850
625 107
850 71
236 69
587 374
664 497
311 668
907 310
687 8
664 565
1013 870
559 149
1022 107
302 983
851 309
237 406
156 25
1013 305
966 378
481 68
720 780
983 313
725 895
1013 236
919 910
296 725
789 115
865 107
734 957
731 941
263 613
302 107
782 1
107 568
9 684
467 149
940 583
536 962
8 467
809 69
237 383
882 892
123 308
613 983
172 730
613 850
645 160
308 983
20 99
177 237
621 941
565 862
107 624
236 536
687 474
613 369
538 107
769 237
26 358
980 310
536 236
177 177
238 171
966 910
789 914
725 728
236 236
107 417
901 236
851 800
45 722
69 909
983 107
37 107
536 717
534 412
983 572
983 1011
752 857
493 97
883 851
156 613
129 439
66 107
107 972
850 850
709 959
128 503
162 548
704 228
769 231
236 100
129 171
621 1013
1 621
703 417
672 8
966 467
69 957
107 107
511 236
686 279
107 572
462 171
412 71
905 565
171 421
975 980
964 999
237 161
107 751
177 232
474 613
51 364
417 645
761 156
237 142
289 1004
279 107
156 824
750 905
885 705
863 456
691 1013
634 1
839 236
1022 631
218 177
627 107
218 237
664 107
902 156
160 850
850 664
851 107
236 850
123 851
983 58
1015 733
107 206
530 582
67 777
536 412
238 339
313 613
366 275
851 309
177 910
703 177
417 983
1013 368
533 177
885 107
536 849
171 16
613 928
1002 728
171 107
364 107
171 567
156 467
613 236
941 107
711 1013
983 1013
1013 79
746 236
298 850
107 349
865 836
294 233
983 902
301 348
1013 379
107 759
856 810
768 294
565 295
107 536
412 417
233 457
980 236
854 171
156 308
296 1011
972 294
58 524
107 948
356 761
856 107
1 990
957 291
587 812
429 843
107 27
322 383
565 162
26 177
604 901
364 524
572 406
983 687
417 536
748 981
839 718
962 67
850 734
107 69
159 66
300 851
536 850
236 439
977 572
613 536
236 664
1013 575
664 910
809 806
962 1013
300 97
193 107
177 962
1008 767
940 160
238 302
156 374
123 896
634 87
634 288
734 20
865 237
534 703
983 981
236 457
850 687
867 479
412 265
119 536
441 800
777 572
251 583
1013 462
613 983
177 8
932 160
237 237
473 172
711 613
279 718
957 1013
85 882
157 565
850 107
237 668
51 630
709 559
441 157
171 572
736 972
1011 68
364 355
377 237
43 107
920 412
402 385
110 237
236 908
583 236
237 885
560 400
37 107
983 308
179 722
750 687
335 928
171 251
79 910
892 583
107 97
107 8
613 107
634 679
220 799
670 298
718 157
725 1022
868 474
1013 751
171 162
474 206
983 172
995 679
232 364
156 20
355 123
407 621
672 177
752 1
107 171
156 583
782 322
703 107
920 107
560 720
107 672
193 850
663 870
236 143
380 293
313 367
107 177
156 922
309 177
107 218
749 118
456 1
983 27
67 107
610 147
177 851
156 769
107 634
634 957
687 1015
8 107
995 870
232 565
237 959
819 545
983 560
400 329
456 560
339 688
852 177
572 107
237 212
236 339
9 177
613 20
959 474
628 156
997 136
43 485
125 171
171 780
107 97
107 9
746 107
639 613
812 851
252 1013
84 862
613 177
910 66
977 613
560 810
107 316
162 325
1013 218
687 128
901 177
709 749
205 957
640 314
474 1004
172 1013
156 434
559 218
417 613
582 536
789 107
851 652
146 51
479 767
875 910
66 1013
107 201
975 980
725 72
107 442
924 621
975 672
538 583
767 95
172 839
767 26
851 746
809 236
497 162
107 128
736 983
323 107
983 645
291 1
177 298
995 864
983 171
717 156
412 97
107 850
414 107
107 360
957 478
536 10
107 143
811 412
229 171
613 864
749 156
156 983
516 1013
850 58
816 162
233 66
456 559
107 162
156 364
751 467
238 559
486 107
298 294
545 1013
177 767
536 309
983 67
107 932
237 545
226 310
177 1
851 957
1 817
107 527
850 237
79 1011
679 971
379 29
160 95
171 549
107 957
617 153
171 839
248 806
171 107
711 236
839 843
8 383
177 302
107 983
773 613
616 1022
316 456
107 1022
364 995
664 237
236 850
793 218
316 892
850 119
474 983
159 851
426 374
159 940
107 509
613 711
480 948
1011 668
123 26
750 925
51 962
471 116
725 462
107 726
1013 972
613 309
572 156
248 106
407 457
613 171
957 780
107 289
625 79
851 134
417 557
162 672
941 613
588 159
810 248
12 983
664 777
107 910
69 237
294 963
995 407
613 361
876 310
366 107
746 51
810 674
789 174
801 162
927 396
69 767
107 621
725 683
339 1013
718 309
497 66
530 156
824 850
107 983
946 1013
851 850
613 841
928 383
722 20
789 193
107 1009
107 1013
779 400
383 309
107 107
972 305
1022 32
69 560
20 1008
467 383
777 850
767 171
236 962
406 745
1011 405
313 725
850 966
309 676
206 236
854 383
156 384
850 125
156 878
1013 668
215 1013
162 668
664 301
171 177
797 400
400 27
171 801
874 882
467 228
646 26
85 948
27 228
142 400
668 171
136 583
1013 688
43 957
972 83
705 497
501 583
674 928
777 107
97 664
171 767
850 236
177 777
364 687
460 156
107 156
107 42
536 298
412 107
156 69
882 968
237 1011
19 966
412 374
107 160
162 621
850 177
237 107
382 364
1022 298
134 604
910 456
560 923
313 760
991 236
162 177
907 751
378 982
850 182
172 300
995 966
58 177
418 177
160 672
129 782
374 538
572 232
702 761
850 746
162 811
65 534
322 621
432 457
84 980
170 300
536 613
560 107
323 565
727 1022
467 983
565 664
637 761
236 962
26 909
752 725
965 686
171 156
107 767
850 664
309 193
800 773
867 761
566 1013
259 20
237 279
1 972
136 301
983 983
348 519
910 226
615 309
524 968
1013 807
1013 782
534 100
8 725
177 1
983 218
157 565
851 156
21 682
30 549
238 962
851 559
767 237
511 703
895 400
559 668
177 156
185 962
865 157
983 26
536 244
560 400
374 236
107 51
177 864
851 156
749 735
177 672
233 237
613 910
870 1013
107 902
237 850
529 966
309 107
84 782
157 686
349 456
922 456
171 777
686 800
613 418
107 162
456 560
708 983
339 1013
456 621
650 922
1011 236
177 679
177 298
237 749
171 97
107 891
51 821
119 565
725 237
358 355
851 236
236 1013
0 720
236 100
8 236
66 472
613 279
983 79
749 850
1013 156
882 171
972 910
107 177
412 638
107 236
20 1011
160 760
107 76
237 613
882 609
983 551
279 584
1022 548
621 962
565 325
26 107
1022 613
63 927
69 613
734 15
777 237
237 156
177 107
1013 66
634 432
664 533
1 66
582 107
980 789
850 621
995 810
882 851
782 777
107 156
709 95
106 26
421 69
339 20
726 767
767 583
894 892
171 717
32 8
107 107
237 825
725 1
466 67
767 559
107 8
564 156
467 236
560 156
983 966
382 983
107 597
664 279
74 26
248 515
766 251
291 237
613 298
911 519
882 983
703 609
983 850
177 147
177 966
839 66
69 107
767 107
664 237
318 856
156 69
84 156
1013 231
162 672
177 74
185 983
279 850
27 780
231 417
882 882
142 48
782 107
346 687
379 300
142 892
757 664
519 789
634 212
107 310
983 30
107 20
383 560
8 301
45 621
219 572
1003 535
560 417
559 687
156 107
162 158
89 182
119 565
20 534
685 799
769 458
628 407
32 136
892 809
497 782
47 177
314 850
767 107
69 206
74 679
236 703
69 725
218 851
157 66
56 107
709 850
107 722
1018 400
1013 972
797 107
838 1013
300 854
126 480
107 293
851 1005
687 309
136 77
625 107
643 957
462 66
621 506
664 236
456 718
767 156
171 908
746 767
867 714
850 231
107 383
966 776
730 233
17 613
177 983
922 159
26 519
8 107
714 107
253 177
236 983
760 58
864 957
816 236
107 289
57 983
160 275
1010 631
1022 731
66 26
456 449
289 920
107 972
850 621
107 9
8 709
107 177
237 854
888 841
962 856
162 560
309 107
237 107
483 966
370 313
157 55
907 72
725 226
81 587
153 364
972 440
709 964
962 536
769 957
107 946
27 836
197 49
789 536
851 298
621 957
777 1013
71 621
1011 107
63 572
160 655
231 1013
295 107
856 940
545 908
310 474
972 964
107 298
604 565
634 171
463 194
613 990
940 957
767 685
418 1013
543 168
66 511
69 784
69 980
107 613
1013 780
948 801
1006 365
910 156
455 231
246 377
171 228
767 1013
107 89
634 430
364 725
864 892
171 935
160 66
467 634
156 20
302 162
565 850
160 417
9 402
171 1013
1022 379
379 79
236 1015
1013 1018
1015 534
802 156
616 417
396 1013
177 938
761 237
1015 332
936 156
534 910
171 939
856 621
835 400
995 687
968 621
107 236
177 671
237 460
773 129
156 8
536 171
916 368
177 237
851 811
157 267
301 206
851 467
981 980
177 983
412 171
859 841
850 850
309 376
687 997
901 865
613 107
236 107
267 160
67 20
948 583
468 474
457 565
882 171
407 236
854 966
527 405
26 107
565 8
850 497
412 744
940 983
560 490
711 68
519 899
588 123
364 613
962 744
294 910
20 171
57 948
379 342
308 850
621 236
391 850
299 780
171 474
312 782
543 851
301 1011
983 497
385 664
548 1013
66 497
93 8
725 107
687 156
957 621
703 703
868 191
107 237
972 462
364 995
89 85
925 237
177 534
177 925
308 231
645 107
816 237
231 725
962 236
972 322
809 107
983 684
171 107
793 467
812 797
703 751
236 43
289 233
536 587
45 613
356 160
107 504
672 789
162 107
405 107
964 730
236 972
1018 725
535 633
226 572
232 530
907 300
638 177
237 565
412 107
236 529
238 867
236 68
128 289
920 218
613 560
769 527
590 107
909 634
107 983
107 750
226 535
66 672
991 711
962 457
107 237
672 474
467 429
20 525
293 446
725 801
1013 875
467 1
288 910
412 171
159 156
604 850
668 237
177 156
957 289
236 982
406 51
725 156
107 769
160 298
888 851
634 982
69 910
972 192
134 107
851 66
236 481
193 691
229 634
20 36
703 231
367 664
632 1013
782 289
8 236
162 966
378 864
983 1013
613 367
882 116
983 171
238 850
601 278
236 910
536 851
51 300
851 107
850 236
725 89
769 162
107 572
850 1011
851 806
107 983
528 236
289 107
474 204
780 237
543 527
171 49
564 107
285 160
118 107
851 1001
107 941
237 237
316 107
850 536
8 672
379 47
226 107
850 687
572 100
10 750
237 584
761 156
41 171
406 767
850 313
657 88
107 279
995 851
777 948
177 237
66 613
378 995
467 691
107 810
777 910
374 301
456 613
802 672
247 51
722 125
962 20
565 909
177 703
966 565
913 621
298 76
664 559
45 107
379 870
236 725
857 816
160 731
687 672
316 414
497 177
233 752
850 162
685 309
409 972
301 752
238 417
339 519
69 982
506 43
810 983
236 962
237 100
107 892
809 634
474 652
718 717
803 1011
964 108
318 107
851 911
237 691
69 767
237 711
733 238
107 172
426 687
313 386
851 687
850 107
615 156
1013 693
69 983
664 850
767 107
800 339
652 559
613 247
1011 850
156 633
313 957
613 107
107 107
995 1013
972 995
289 237
107 1013
400 916
218 412
1013 124
9 962
670 584
472 615
797 301
467 107
449 634
177 668
777 107
26 474
65 95
684 193
240 474
20 599
708 66
497 228
850 560
687 474
232 983
640 107
767 633
162 157
560 545
600 301
718 218
687 736
43 686
565 171
850 709
777 910
997 752
888 962
177 730
236 309
275 746
473 847
310 851
364 725
8 981
302 588
1011 887
162 279
983 940
819 1013
107 298
497 474
107 739
957 49
474 171
793 0
298 58
298 559
806 279
206 850
882 983
293 379
616 587
237 983
816 780
66 8
10 713
171 749
382 563
231 975
634 607
125 851
777 379
615 530
449 941
850 177
810 920
734 171
456 909
193 922
236 687
107 123
687 107
424 309
171 613
247 867
51 162
237 288
325 972
156 1018
171 909
672 536
983 749
801 983
711 565
237 308
638 962
474 751
977 457
820 237
634 572
101 613
319 156
417 584
851 142
364 405
882 107
613 1013
457 634
304 69
302 962
907 777
156 289
107 79
156 794
957 107
177 406
294 289
864 746
237 472
970 177
499 232
646 850
107 839
107 107
26 851
752 457
407 816
107 177
237 381
467 237
583 1013
797 1015
231 859
228 156
63 107
809 711
773 298
424 725
983 767
237 536
301 289
862 393
58 980
233 730
409 107
1 709
982 1013
590 123
565 237
767 425
69 84
8 107
530 171
456 851
426 1013
1022 276
927 497
983 1013
668 456
713 16
309 51
812 237
58 564
865 668
972 529
957 349
123 107
172 289
170 107
850 456
107 572
474 107
983 664
236 162
503 850
20 569
177 266
679 864
237 543
800 621
339 417
634 850
519 89
156 559
780 957
177 156
298 228
461 725
8 777
851 850
613 851
107 882
1 412
1013 803
37 782
613 85
47 560
8 839
237 289
734 613
399 851
146 66
981 364
107 134
312 107
179 613
215 177
962 882
559 26
279 236
582 1
906 664
245 374
215 736
587 645
972 107
882 746
1013 972
995 897
251 66
572 687
982 850
621 156
1013 201
780 27
790 215
819 107
708 1011
126 168
967 687
621 812
236 686
309 535
995 560
194 993
119 1013
379 349
634 66
474 379
737 479
725 809
289 938
811 572
1022 703
529 115
45 369
534 248
444 26
107 922
780 851
365 1011
924 461
231 811
910 647
10 850
687 159
279 166
236 474
156 646
850 171
703 26
301 8
294 851
68 146
983 728
962 126
142 107
171 584
129 26
718 983
236 497
718 810
1013 703
128 687
339 851
313 107
156 245
236 972
107 107
725 26
236 107
645 613
905 129
427 962
962 569
194 519
655 177
907 409
687 957
882 1013
299 483
725 752
977 709
251 300
1022 851
652 309
107 107
236 236
634 236
412 236
826 20
79 763
850 851
551 236
412 613
171 20
162 560
711 1015
634 107
672 587
236 767
305 983
538 107
751 850
1013 405
668 851
867 107
378 215
868 941
107 767
467 125
417 107
66 159
299 1011
672 156
535 910
231 8
703 107
236 84
298 800
379 600
316 1013
613 237
750 928
407 850
672 782
767 827
816 972
462 842
237 382
664 456
364 966
816 1013
171 559
1011 854
313 160
157 560
851 966
559 300
8 748
995 870
851 613
247 1013
107 767
171 995
850 68
298 412
565 156
664 613
236 26
997 559
107 349
171 177
995 882
188 97
309 85
100 590
968 1013
613 107
433 745
711 851
107 613
726 888
773 972
32 506
53 851
664 473
455 316
383 621
850 251
101 316
21 922
687 777
1 900
703 672
724 1011
312 794
231 621
800 237
237 497
423 941
818 107
417 910
13 634
107 107
664 560
511 833
236 711
128 613
820 892
584 364
236 58
969 734
672 66
709 1022
236 156
55 1
107 251
621 684
55 850
852 851
749 400
123 995
645 248
668 381
73 177
1013 20
456 572
225 342
236 119
536 686
267 237
850 572
713 560
1013 179
565 748
285 957
957 645
925 543
233 158
983 107
703 508
458 131
8 171
865 177
714 1011
412 156
725 236
530 228
107 474
218 851
45 851
177 559
902 715
160 975
156 349
412 302
107 722
621 47
1003 613
759 232
703 107
412 560
903 177
851 238
966 107
407 156
691 156
236 497
156 883
572 1
734 910
659 237
686 972
777 782
129 582
851 314
649 1
236 1001
219 461
107 805
882 1013
983 68
279 621
970 703
1013 231
407 412
237 613
309 782
171 162
1013 374
668 108
529 309
749 962
107 97
193 289
467 8
1022 613
107 830
672 590
583 308
817 417
107 779
58 913
107 964
236 1013
970 851
983 902
692 177
530 20
8 1022
349 156
910 314
177 231
864 600
236 780
322 107
43 479
123 20
767 157
983 806
940 364
399 613
107 777
367 185
1009 422
559 587
26 83
529 107
713 966
1013 185
577 236
909 639
969 20
780 902
391 236
746 826
53 851
364 672
1013 247
161 780
497 156
962 736
1022 226
156 851
108 237
400 237
51 235
536 412
162 474
536 983
467 615
20 522
583 162
7 854
332 107
915 850
231 545
634 864
237 171
750 115
8 983
156 857
107 911
288 237
1011 177
582 474
672 107
237 237
125 20
171 313
157 773
492 107
95 45
668 572
339 754
1013 26
851 237
417 237
118 125
107 1022
940 909
212 32
107 983
548 950
367 226
84 411
298 26
160 32
107 870
1011 383
56 896
237 1
548 157
767 612
1013 368
237 275
703 687
652 107
664 647
412 107
870 107
819 752
560 767
536 237
551 613
990 910
748 439
236 366
20 275
107 560
790 26
850 101
162 715
1013 1022
613 1
621 237
45 734
156 679
672 58
932 851
251 107
468 907
1 107
12 160
820 748
836 251
983 309
32 301
962 162
68 983
309 1013
948 247
378 107
780 237
851 417
130 237
339 613
519 536
156 703
925 968
51 156
171 302
107 107
9 171
467 456
177 89
156 725
204 119
972 536
107 218
400 925
8 171
107 613
100 339
364 751
977 810
902 679
156 703
862 177
536 383
1002 777
941 417
213 107
289 1013
745 95
941 565
1001 309
777 66
1013 107
417 26
480 364
713 182
863 193
474 420
142 734
983 673
966 156
156 236
237 672
664 730
162 637
668 177
559 237
613 289
236 497
957 171
236 108
709 983
703 746
107 118
308 171
966 305
780 983
684 850
882 802
686 504
457 800
613 793
789 309
797 983
289 289
850 107
983 1009
474 782
530 123
777 8
1 69
364 649
254 687
156 917
237 559
402 122
215 536
177 194
82 288
613 467
962 983
236 613
983 386
613 308
869 107
962 417
364 774
773 850
962 382
69 310
372 791
725 8
761 95
687 160
924 95
854 8
608 107
381 975
1 664
569 851
289 379
850 107
565 957
171 1
634 809
236 382
405 986
995 687
559 302
497 856
687 882
854 1011
995 145
79 251
451 26
237 233
613 233
26 84
983 156
850 337
910 800
536 1011
684 613
621 171
156 584
817 148
1013 777
107 868
751 126
179 162
339 20
247 171
536 309
177 777
237 8
939 236
536 237
582 809
865 412
902 989
734 990
160 107
424 474
473 995
26 891
162 851
366 559
730 870
980 855
313 84
551 650
409 8
412 602
411 156
231 809
1 66
497 301
233 85
995 957
966 803
849 725
572 691
107 84
839 922
565 8
750 676
95 26
925 107
237 961
1015 410
613 597
107 782
777 66
107 725
972 1013
107 462
156 237
851 69
309 865
275 205
411 57
107 84
467 980
859 536
129 851
407 236
613 456
172 708
485 767
84 226
462 66
761 171
784 939
107 412
107 236
160 91
244 816
902 474
1013 383
382 925
97 664
980 364
966 851
854 497
1018 412
364 236
107 983
993 166
456 237
572 236
835 238
107 301
718 67
107 123
107 789
633 417
703 851
177 107
910 892
802 309
968 782
177 922
816 107
717 237
572 402
107 590
107 981
769 437
966 194
536 310
107 107
613 171
812 1
7 107
107 158
572 613
83 769
383 107
156 424
525 125
162 964
95 613
339 634
559 310
780 69
349 156
136 107
302 69
171 633
851 236
95 382
966 302
1 584
613 613
983 69
219 400
613 160
339 613
106 621
8 107
467 289
751 1015
725 107
887 613
310 709
237 451
964 118
237 777
69 310
703 565
562 232
467 414
983 43
966 613
27 534
405 613
156 957
1013 329
232 559
917 882
307 177
485 66
559 156
850 236
107 686
639 129
995 613
236 156
957 497
441 703
100 301
1013 107
917 850
972 1013
298 493
298 1013
850 69
132 709
297 780
236 309
156 560
160 66
156 110
393 316
664 69
962 378
983 125
497 162
1013 124
948 301
107 1002
417 995
767 322
862 990
543 535
134 89
177 421
414 868
107 559
153 1011
156 767
381 171
349 237
107 718
236 964
159 107
922 366
851 156
247 608
368 812
777 480
560 780
613 302
160 171
613 1013
364 174
267 709
414 767
839 536
407 236
983 80
237 899
536 634
228 745
177 302
634 301
320 983
902 684
725 482
66 625
157 27
645 966
26 715
237 883
107 780
1013 441
560 375
850 156
309 572
966 206
309 456
968 231
839 761
414 621
612 530
106 711
910 68
156 497
129 908
851 364
851 718
237 852
1013 933
26 97
717 851
664 916
870 1011
565 156
852 983
456 449
160 882
467 479
613 107
162 412
769 233
645 621
237 560
983 613
82 309
718 153
725 171
412 850
685 1011
621 279
16 962
744 253
330 703
687 819
309 160
237 236
995 107
638 237
533 396
941 456
238 439
989 966
614 236
679 301
382 811
674 663
51 366
910 69
621 107
664 613
613 107
177 236
107 107
664 676
298 962
232 560
613 613
530 251
236 613
299 360
156 983
45 136
839 467
377 63
290 851
652 777
20 364
725 789
335 983
382 842
89 565
748 966
84 922
655 474
686 107
107 456
1 782
850 790
456 237
157 634
927 572
413 584
560 725
232 1011
779 777
910 121
123 301
613 1022
907 339
237 85
618 236
916 364
107 356
107 613
621 289
559 100
928 851
851 231
247 767
153 975
417 717
745 26
66 156
935 551
511 339
769 237
159 107
917 26
492 51
966 206
171 289
621 171
983 802
126 687
129 851
183 289
417 301
417 650
79 171
572 43
479 816
10 65
948 26
511 962
296 983
162 467
977 860
534 839
734 162
237 687
8 107
851 301
600 1013
983 497
613 995
687 995
26 107
316 815
572 171
604 177
693 107
231 456
892 160
237 1013
107 107
237 228
156 724
456 767
322 412
711 687
865 236
299 254
237 63
349 910
156 983
236 709
725 915
237 107
1013 722
966 993
777 171
983 298
767 980
941 107
136 474
964 664
177 851
720 162
722 684
289 400
177 995
966 212
1013 750
613 1004
237 107
236 107
982 501
801 112
1011 237
156 892
349 504
134 980
391 417
676 301
97 850
941 684
916 645
991 32
177 412
583 634
226 467
957 530
79 850
52 538
238 851
412 725
565 55
972 560
107 126
107 160
995 995
850 231
578 400
226 107
236 536
237 1013
107 734
226 839
107 301
850 279
58 572
485 820
460 910
66 608
171 750
107 850
69 850
67 177
156 1013
467 177
850 456
962 559
136 160
962 621
156 107
621 668
156 107
559 910
703 664
279 107
84 251
621 231
957 238
236 107
703 295
613 177
177 911
969 193
750 1022
193 1
966 966
536 983
705 107
851 584
760 107
6 779
696 864
177 107
604 298
995 456
983 964
780 594
850 634
384 467
625 850
95 289
938 1011
559 613
767 752
108 727
910 107
497 106
746 79
237 602
237 406
171 97
142 8
171 586
572 123
236 76
941 922
997 236
142 1
236 1022
417 780
780 711
664 634
892 177
995 406
73 457
983 704
156 136
851 634
634 100
218 95
613 790
962 461
279 847
725 687
851 613
523 585
995 1001
171 854
850 107
751 238
1013 981
625 68
767 474
405 447
861 983
572 238
417 672
298 300
238 725
851 761
156 412
725 107
107 301
251 687
1015 850
851 237
850 364
851 522
816 534
613 79
613 709
129 157
417 309
231 854
809 972
645 546
107 1013
982 107
296 612
107 972
162 294
584 168
236 172
159 613
107 870
973 625
456 850
237 826
969 63
156 422
983 236
171 232
171 418
66 882
559 107
854 301
69 767
309 289
39 107
299 157
177 17
856 1013
780 1013
369 780
231 1013
645 107
1013 364
233 298
236 962
177 820
73 779
981 902
1013 725
107 983
1013 905
89 298
407 299
231 298
668 156
236 417
621 237
983 708
850 233
601 68
851 1010
983 882
966 107
233 107
79 177
20 983
703 1
125 349
171 717
777 1
289 718
983 940
891 236
387 973
910 733
668 177
63 1011
107 850
236 479
226 562
16 962
237 289
299 156
309 298
32 748
536 725
309 536
909 875
728 399
621 107
156 910
536 789
809 480
672 734
751 703
107 847
145 313
69 686
156 393
409 237
940 171
652 851
417 236
10 158
170 107
565 593
67 97
1015 851
972 27
850 709
634 238
613 157
107 172
587 231
107 177
962 456
1013 43
777 962
177 129
851 157
177 955
810 687
983 97
672 107
748 200
983 737
613 1011
915 68
309 850
177 263
854 613
816 107
300 1018
8 1
107 1022
767 711
171 883
767 533
68 107
162 1011
364 790
982 668
251 233
13 236
467 851
536 672
983 713
572 925
980 851
602 177
559 957
107 51
107 725
939 156
625 107
171 616
383 237
128 26
156 214
236 503
177 379
43 123
177 790
160 986
1 236
107 171
991 231
613 686
26 990
425 129
789 322
826 417
850 962
543 711
621 672
247 777
851 370
95 824
107 983
850 325
613 462
718 1013
769 572
107 177
725 928
8 612
313 97
369 733
309 995
229 236
850 492
236 47
107 363
406 177
236 613
84 534
134 850
664 850
27 972
474 412
1022 687
69 412
156 910
664 71
922 621
233 456
577 107
1013 300
156 69
864 750
759 177
247 439
1011 572
536 767
568 621
725 983
279 986
107 107
800 335
119 20
8 316
777 1013
294 236
982 160
983 27
107 412
157 378
172 621
993 378
107 862
289 902
233 957
1013 342
613 983
107 910
72 850
89 313
613 156
851 851
364 867
519 156
582 966
621 977
1 298
995 600
300 748
854 107
177 615
107 459
97 899
851 816
97 841
27 542
749 107
902 856
777 348
349 791
613 566
664 711
746 162
228 379
1022 171
983 1011
405 364
945 171
131 58
226 237
69 89
621 892
247 565
206 237
456 957
309 301
244 572
38 687
156 983
777 313
162 474
8 160
364 728
55 726
715 160
668 983
948 301
237 424
851 446
613 191
789 534
66 910
850 566
215 302
1011 156
309 193
456 851
215 724
962 672
236 193
313 997
990 850
525 882
236 940
983 799
687 361
479 8
177 107
107 717
156 497
76 851
467 869
182 378
916 382
177 76
983 244
118 322
687 382
613 983
405 613
780 301
414 364
289 850
107 882
948 600
725 560
664 171
364 851
107 616
983 369
192 309
377 301
577 621
339 244
107 910
107 149
882 565
621 560
613 668
854 237
966 983
289 231
382 910
448 298
588 972
107 299
47 301
107 565
456 1013
298 789
142 412
564 318
993 177
703 156
171 238
146 613
67 925
850 107
107 856
851 232
492 107
107 97
417 583
565 66
8 142
745 850
182 107
310 773
972 456
856 156
171 49
172 257
1 156
474 237
572 1022
995 298
836 711
8 305
608 972
972 983
810 784
8 73
393 421
62 983
107 107
572 298
88 66
136 686
983 30
983 20
634 115
309 711
984 171
118 859
216 851
613 236
364 1
687 456
1013 748
298 405
972 107
237 850
422 915
289 456
652 566
568 407
467 725
298 20
205 875
66 640
734 488
282 0
975 1013
854 449
456 20
108 922
107 850
534 107
228 206
162 1022
725 966
809 613
981 983
995 730
1018 751
613 856
995 859
851 983
302 32
767 294
819 262
467 851
568 519
374 157
613 966
535 157
107 634
467 123
236 851
687 1013
201 171
634 565
159 534
302 782
66 851
8 106
378 748
206 1013
572 1
572 983
776 845
585 171
177 588
722 851
957 565
177 107
171 910
237 497
228 325
300 107
812 1022
210 107
26 948
160 8
1013 405
107 236
551 8
474 962
744 687
116 850
773 133
456 995
777 761
298 962
237 143
381 850
657 922
559 868
418 613
982 107
600 497
667 905
237 850
383 43
635 966
107 160
983 850
180 664
119 301
237 379
584 582
237 651
744 980
1 709
527 172
519 171
231 634
107 107
767 613
717 850
237 533
568 157
20 672
980 964
177 789
519 251
420 559
560 850
1010 851
1013 882
414 364
107 634
559 177
107 902
672 810
634 584
232 1022
171 751
748 553
777 364
782 143
69 572
663 156
107 882
107 156
107 236
288 995
26 162
237 850
69 560
812 20
107 883
237 966
850 957
749 711
490 983
432 851
107 725
456 841
8 231
298 107
160 664
983 809
749 236
474 497
407 142
902 962
536 1022
107 645
604 677
279 818
237 107
957 232
171 613
983 301
672 309
193 69
26 633
789 463
236 365
1013 229
777 357
412 715
1022 218
930 383
621 816
853 107
236 865
559 920
1013 672
672 851
97 703
672 731
298 613
901 171
529 715
859 559
683 584
289 587
501 27
171 289
928 600
107 353
767 237
107 1022
107 842
777 171
559 1004
572 850
559 107
621 156
474 1011
836 705
289 722
634 275
309 275
1013 534
767 412
277 972
107 941
222 731
634 348
89 236
263 236
850 704
310 1013
457 289
1013 957
125 156
108 85
236 66
882 456
810 621
236 851
156 572
193 295
218 236
298 162
780 156
107 68
679 236
925 983
107 119
1011 561
68 275
171 538
809 851
962 383
957 107
309 107
990 225
687 299
456 833
248 1022
197 608
1022 107
750 107
237 456
143 572
8 233
177 604
56 972
476 107
909 364
177 379
412 107
32 777
20 1022
749 559
107 748
566 381
1015 171
850 313
417 691
870 536
927 193
536 902
247 246
530 218
613 27
972 451
309 177
957 1022
962 1
725 966
882 107
107 1013
950 687
1010 237
171 379
1 728
983 142
703 797
962 231
850 587
429 995
231 530
810 104
301 725
572 865
267 211
417 1011
972 26
966 339
479 919
181 725
807 867
177 572
566 412
237 157
236 850
713 683
275 69
236 371
107 497
201 66
236 206
177 156
713 888
236 235
10 983
782 467
537 691
51 1
27 218
170 851
156 379
850 412
859 693
634 957
995 850
136 156
851 668
583 119
107 760
237 474
971 171
474 236
171 867
560 432
456 767
95 467
746 412
761 286
301 543
383 800
560 75
409 298
639 878
247 237
983 519
656 751
236 156
864 725
298 162
977 237
851 393
972 613
637 107
228 983
279 137
725 20
467 107
298 608
467 621
298 177
664 58
237 107
780 717
767 156
20 237
966 718
687 160
851 177
687 177
162 171
572 68
980 981
247 1013
420 237
851 84
584 231
962 972
156 746
171 887
16 1013
705 156
20 177
107 927
302 107
236 316
818 621
519 107
613 1004
850 237
613 201
850 308
983 66
519 703
107 892
499 615
63 811
1022 819
476 118
927 1022
565 709
968 703
1022 725
171 910
748 983
107 89
940 568
746 972
621 349
1013 983
162 613
966 850
479 608
646 298
84 421
157 850
474 726
20 962
237 66
383 171
156 114
731 405
416 8
621 983
850 156
780 975
962 89
691 107
32 289
686 536
851 226
941 664
464 851
821 107
412 17
901 237
107 162
279 957
983 504
156 107
107 664
107 703
980 222
925 156
279 814
233 621
237 107
383 456
767 995
79 68
948 704
275 377
156 736
107 236
789 156
226 715
381 168
560 309
613 378
107 95
922 966
364 156
474 940
238 20
364 800
664 789
171 160
983 232
107 497
604 253
157 66
237 349
401 88
231 634
667 171
983 297
226 414
679 417
777 565
79 171
565 746
171 966
393 107
922 880
545 236
815 84
319 519
301 237
171 850
107 456
236 613
43 412
263 89
559 172
1013 938
26 160
177 882
309 1015
383 160
685 218
107 26
800 767
717 177
722 177
237 966
414 497
1022 158
95 830
177 687
69 564
625 559
717 1001
457 865
851 883
812 364
237 1011
107 58
631 940
172 529
962 156
882 396
1013 93
69 201
1022 983
193 159
364 26
736 814
85 228
107 493
107 789
851 441
613 851
97 878
134 157
536 237
231 850
559 236
972 177
364 156
525 851
703 107
247 851
572 621
966 119
193 26
955 237
289 691
93 289
941 301
560 69
616 177
773 294
21 530
156 157
851 27
645 851
882 26
995 467
450 850
349 123
839 865
549 97
177 29
858 962
1015 298
1 711
309 748
687 401
143 711
703 160
8 497
829 865
632 20
948 68
27 107
852 231
65 231
560 156
748 748
417 171
983 1
615 714
177 172
236 107
534 238
241 664
107 996
412 107
156 310
237 107
107 630
171 613
51 621
456 777
720 884
162 400
1 839
261 107
417 902
1013 236
672 966
157 821
251 1
236 236
850 136
538 157
107 725
800 218
177 506
45 773
457 851
298 767
839 171
107 437
793 466
748 962
527 129
668 107
593 621
549 892
474 115
466 309
1013 218
66 37
107 559
16 536
69 645
767 703
156 1013
530 378
236 226
613 850
906 613
850 964
106 177
251 1011
467 107
107 206
363 851
745 545
672 485
896 171
69 36
69 330
309 302
972 177
177 368
552 107
228 414
560 158
1013 172
703 856
160 326
1013 136
925 613
966 112
857 718
703 1013
734 366
355 560
865 1013
857 684
107 288
497 687
536 559
1013 486
850 58
736 779
565 725
107 492
684 289
1013 634
412 621
1022 668
519 177
43 302
107 160
638 106
1 738
780 497
236 97
402 171
572 691
349 66
237 761
107 84
1013 983
289 236
915 980
687 45
523 107
993 972
1011 301
634 882
126 1013
780 850
407 20
261 1022
709 156
1011 233
922 615
88 182
966 709
613 664
298 325
538 728
27 672
107 540
231 65
486 20
56 479
983 237
279 851
559 349
45 47
177 177
124 407
236 718
251 621
809 76
142 1022
975 187
687 171
379 107
412 172
865 997
348 107
905 655
236 236
718 308
157 514
704 634
474 613
812 72
703 37
160 20
264 910
107 382
366 565
107 972
364 577
237 940
817 405
171 782
1011 107
89 177
962 948
534 664
247 172
457 767
20 747
1017 298
883 156
634 868
684 851
536 714
730 767
107 308
560 156
456 851
8 262
704 882
156 253
664 613
158 107
74 613
668 621
497 275
995 910
559 613
236 237
177 231
310 851
473 107
642 406
348 100
1013 107
107 535
233 767
991 780
467 713
634 851
301 687
1013 970
633 970
687 902
933 245
1011 922
722 883
536 773
687 887
850 613
107 348
168 767
672 298
107 348
851 129
157 156
296 925
983 517
68 773
156 1013
767 123
983 158
375 267
674 123
107 237
460 816
613 905
289 379
383 864
782 823
97 812
237 107
966 107
964 850
530 298
27 964
156 664
850 157
405 727
110 789
171 79
157 177
731 815
228 782
412 745
613 226
456 412
759 107
497 983
560 722
177 725
193 560
722 200
561 45
171 177
236 672
850 125
237 972
171 746
92 634
797 45
309 236
58 177
8 851
858 32
366 156
309 718
107 851
263 107
572 523
236 559
156 966
870 107
882 379
32 613
107 672
922 744
84 247
107 995
95 916
1013 107
780 1
1013 26
237 377
58 910
474 171
157 816
836 457
1013 162
107 534
514 536
85 400
587 613
780 236
1013 160
156 107
106 289
289 93
780 412
479 400
107 171
983 668
405 549
157 285
980 1013
638 847
708 374
585 177
156 299
882 162
171 839
412 66
236 3
1009 237
93 123
621 27
916 247
613 1
910 1002
25 107
718 972
864 664
85 226
565 736
1011 621
948 467
1013 686
486 1011
237 100
107 134
851 309
613 244
236 177
20 68
107 106
851 530
343 303
409 116
236 129
503 393
536 634
769 349
686 275
972 160
35 1022
247 407
437 560
645 177
773 559
228 886
1011 664
125 84
379 236
275 720
316 309
215 107
867 613
479 159
8 162
383 310
777 536
852 583
851 1011
107 47
156 674
115 558
1022 1015
704 572
810 156
236 107
640 236
363 68
457 177
66 910
664 302
107 749
8 962
125 479
177 95
251 402
419 983
321 162
817 218
162 613
861 156
996 705
559 383
909 412
851 26
850 615
565 767
26 523
107 588
529 572
675 703
909 97
560 157
909 972
572 107
237 506
171 279
816 175
664 26
536 653
107 511
289 882
565 289
129 20
160 26
162 439
547 474
231 1011
1021 406
960 236
107 237
162 938
1013 177
160 850
53 313
613 792
171 854
851 870
602 514
293 851
613 467
664 854
107 855
279 687
107 899
107 8
171 313
995 851
497 1011
215 237
171 382
177 915
237 107
816 364
230 48
289 851
467 43
705 983
247 672
851 399
809 928
107 782
304 679
745 730
965 613
1013 717
745 289
705 647
51 725
850 983
634 957
1013 228
668 983
232 687
383 107
456 572
134 201
231 177
107 852
462 166
212 177
456 156
119 471
177 316
160 157
925 157
572 497
634 559
1013 26
856 722
687 191
552 725
298 975
251 687
335 177
536 980
279 226
664 237
645 177
157 850
927 851
492 107
378 206
156 922
142 803
981 171
800 316
882 159
97 773
780 174
983 156
76 129
955 467
856 218
107 806
560 494
356 905
693 125
851 608
679 232
961 687
940 417
1013 194
664 536
722 962
309 332
983 1013
236 156
749 902
107 215
470 777
231 460
107 613
888 968
462 868
45 882
84 730
226 767
107 529
548 414
177 910
289 972
817 226
364 236
218 156
388 1013
1013 100
356 746
66 171
275 972
237 107
8 156
621 237
298 107
851 621
156 107
767 384
236 497
800 237
972 237
613 718
672 1011
506 767
123 8
171 301
412 850
171 604
462 456
412 156
467 108
613 850
725 107
156 103
560 995
156 234
703 107
233 406
238 639
572 20
53 995
156 417
767 400
851 420
812 962
429 171
1013 749
1013 492
747 1011
720 909
850 851
966 107
107 777
107 298
691 850
687 107
474 171
69 850
559 474
1008 157
887 856
718 548
309 177
582 39
497 851
177 349
559 458
780 237
850 799
812 922
456 684
661 856
171 107
457 69
171 608
789 156
1015 37
237 565
560 107
555 867
565 20
919 767
621 621
66 1013
418 725
188 162
624 107
746 621
851 851
559 339
780 530
236 67
420 736
543 613
613 1013
467 645
1015 226
608 851
79 851
621 130
156 983
536 159
687 107
816 171
439 84
156 316
659 237
962 177
364 524
851 751
497 236
417 467
664 851
1011 964
725 237
736 308
480 1022
891 957
298 983
107 177
8 613
68 1010
752 349
26 237
809 560
882 335
907 156
396 414
767 613
254 672
687 225
672 789
231 107
231 1021
691 962
763 339
851 467
1 301
473 156
26 980
1013 673
349 95
55 593
129 289
704 551
687 215
705 107
1013 717
226 638
767 728
613 730
277 236
838 672
126 79
850 107
882 864
143 582
182 769
748 177
725 851
850 621
703 236
177 356
664 156
456 1013
125 412
171 310
302 101
251 316
1013 66
1013 703
749 378
882 149
236 289
573 237
910 962
995 237
981 777
107 664
156 995
339 658
777 966
777 339
613 1022
1013 881
156 275
248 560
237 107
231 171
1015 160
156 613
891 247
162 718
422 310
983 204
748 177
800 171
449 107
712 780
1006 843
850 749
73 171
156 980
20 854
559 863
107 107
536 467
725 687
910 45
621 232
247 629
84 882
584 955
594 983
851 58
8 177
983 449
107 684
402 236
108 66
474 1015
107 1
67 1015
231 107
780 664
177 851
100 780
68 1018
417 85
441 467
363 68
687 156
236 725
309 289
972 402
156 983
565 621
967 171
177 1013
613 613
119 421
275 850
801 379
560 449
746 1022
709 703
565 457
497 136
107 983
228 119
107 322
36 133
534 945
143 519
381 206
882 1011
456 843
417 687
1022 800
995 962
534 850
143 107
177 73
417 851
983 972
777 1011
107 645
720 129
171 1013
289 995
382 379
107 679
560 983
72 193
962 688
237 645
226 980
236 27
850 300
854 474
812 850
405 67
107 313
236 248
981 251
107 687
253 777
983 236
602 759
237 248
938 162
412 236
975 850
604 8
95 583
1013 864
879 177
968 1013
638 982
26 27
236 474
995 366
107 782
543 583
1013 621
672 156
679 613
584 171
850 42
237 284
536 63
1013 950
941 799
983 177
809 560
479 237
851 236
160 160
325 664
497 171
761 171
463 782
289 870
852 231
851 126
995 800
237 162
247 449
252 168
572 107
66 162
799 983
79 177
672 980
672 159
238 922
711 298
839 1013
156 664
722 980
106 850
882 637
910 107
107 237
812 157
20 457
892 687
107 177
645 379
909 968
815 75
709 560
851 156
720 67
565 149
582 497
530 664
237 864
237 364
907 411
983 966
231 799
925 237
856 277
668 247
251 480
107 640
79 236
890 750
156 1015
687 913
803 302
1011 543
177 1
983 634
441 107
236 405
955 10
534 417
89 289
107 367
1013 816
746 870
289 749
107 156
779 156
530 972
479 530
95 536
882 69
309 107
672 162
854 289
298 780
156 981
749 171
1022 300
298 560
97 761
237 298
364 543
880 177
983 467
983 664
107 845
128 673
300 485
142 887
73 745
107 972
364 672
107 172
812 309
177 664
156 703
89 237
267 237
378 463
751 559
725 1021
982 995
474 856
703 316
759 769
955 687
381 983
972 160
289 882
658 925
962 374
705 863
107 604
711 584
604 887
983 672
107 294
941 95
536 95
26 782
157 851
68 85
160 668
291 171
882 107
162 957
364 672
940 325
613 474
236 717
156 714
218 803
1 171
870 236
711 736
32 157
177 55
957 850
634 916
687 616
27 1022
27 20
422 237
497 572
767 232
157 922
177 0
79 228
43 263
725 156
309 853
672 339
237 414
412 536
957 313
566 497
983 730
310 687
160 1022
414 177
725 69
107 26
1013 97
294 664
603 406
309 545
725 664
300 851
1015 323
597 664
456 66
20 107
171 769
870 26
20 159
613 107
69 236
233 236
587 3
983 1008
1013 382
142 769
129 310
851 322
655 456
769 536
645 982
349 850
27 982
571 107
1022 536
1022 559
294 107
604 160
119 851
107 559
171 1013
407 968
1013 804
228 882
158 69
975 850
640 613
639 206
417 236
672 565
171 565
215 285
289 664
983 887
301 107
865 142
107 107
107 107
149 124
237 238
621 966
66 417
1013 957
233 913
301 1013
767 634
934 691
474 321
316 948
915 236
850 171
231 156
560 177
339 316
160 1011
785 462
983 206
718 289
974 58
975 27
364 613
251 457
767 530
850 686
851 237
157 171
529 171
572 497
214 206
972 1010
100 237
455 107
734 85
107 910
966 584
613 882
26 10
893 107
1013 228
615 83
405 865
560 289
249 999
983 820
79 177
957 177
107 647
48 566
966 972
400 302
237 107
1013 575
171 761
156 939
298 20
302 572
565 85
107 497
997 237
343 910
177 95
335 222
850 8
769 177
237 156
279 171
106 364
171 156
891 851
417 411
1011 613
8 613
850 718
672 309
583 157
8 865
374 725
530 204
841 107
767 559
432 864
107 474
171 941
559 298
613 850
625 335
379 874
177 565
1 957
957 177
53 366
159 289
298 621
107 966
417 106
238 171
237 237
793 780
379 69
123 909
309 235
112 339
251 560
717 156
584 193
107 364
613 543
100 997
72 718
560 731
725 560
364 983
910 457
621 995
162 185
851 500
237 957
309 847
699 236
142 25
107 107
378 339
980 559
69 237
850 467
142 157
1021 983
142 503
171 955
45 909
638 704
107 957
300 162
20 107
1011 157
854 298
265 107
559 119
383 963
583 492
1 156
767 383
679 687
106 231
1022 922
703 957
364 417
634 119
171 7
279 309
160 703
950 882
366 734
613 746
824 613
972 89
957 910
48 301
613 613
736 136
850 107
559 339
377 159
231 902
20 559
983 593
215 289
850 1022
1022 400
293 298
679 850
157 922
236 882
1013 218
455 171
684 289
231 119
171 1011
909 456
646 980
975 472
310 613
162 602
763 572
851 289
625 228
498 299
511 802
909 218
171 850
518 966
1 236
983 851
106 237
966 107
129 527
69 1013
83 560
497 300
26 8
156 288
638 773
474 713
1023 175
298 687
474 66
865 247
32 1013
957 995
767 67
584 851
20 289
851 171
231 559
652 966
309 107
536 69
583 983
171 237
1 711
703 769
851 910
851 412
645 962
456 289
6 247
560 613
177 374
231 777
746 709
300 983
959 63
68 265
604 162
156 383
412 171
156 851
854 248
672 85
107 44
177 66
966 559
983 8
534 879
962 983
237 534
995 364
95 981
171 129
725 616
1013 364
107 734
955 686
236 989
302 474
835 107
709 688
941 966
850 349
981 125
107 301
625 79
679 927
582 966
228 793
236 957
142 107
995 8
348 750
968 763
751 687
107 107
842 429
236 685
1015 634
231 668
364 777
850 861
777 850
572 67
67 530
560 777
536 995
655 85
864 1
156 325
181 289
417 122
160 851
177 236
939 236
457 156
634 298
962 800
412 782
745 382
279 703
705 156
850 215
165 613
156 962
457 672
983 990
171 851
107 910
107 687
1005 664
417 417
800 625
519 300
995 800
962 902
777 171
97 800
962 995
220 750
8 160
164 237
972 577
1022 106
123 559
882 782
559 767
296 172
177 474
995 975
922 107
625 159
782 301
839 232
218 236
672 851
625 905
47 653
962 684
948 621
746 687
604 238
171 107
703 797
777 924
236 850
157 572
826 982
800 8
971 107
462 107
378 768
288 79
420 84
237 177
995 588
237 480
69 736
851 107
298 497
309 679
400 237
672 142
1015 687
613 637
157 850
687 237
479 461
761 850
66 577
687 902
171 927
301 519
20 935
676 645
171 777
128 338
399 100
417 696
237 339
479 308
237 107
206 977
745 160
767 74
995 67
162 20
559 107
107 158
107 383
236 995
882 995
565 910
777 378
983 901
560 645
462 850
957 107
966 209
236 789
851 777
1022 709
1011 664
156 850
1008 672
553 8
634 962
672 160
536 237
908 156
309 156
177 672
572 536
800 613
1011 851
850 668
913 20
107 751
149 682
925 1011
812 962
957 107
853 851
231 1011
852 437
734 703
479 995
1013 725
533 637
851 780
236 687
725 420
232 996
910 107
536 1013
380 767
613 930
800 382
613 20
496 851
560 313
126 983
1013 171
369 20
401 613
964 679
142 58
839 972
156 68
536 406
45 948
160 412
777 613
349 980
850 417
402 850
851 8
71 679
613 171
119 941
983 613
613 497
1013 171
66 613
767 711
58 711
107 8
850 294
418 851
650 107
356 441
356 107
160 316
171 107
177 69
1013 107
8 309
474 79
456 474
583 20
219 975
664 79
383 910
236 691
686 717
850 854
107 746
107 850
206 107
711 869
322 725
799 995
289 218
645 301
1 783
851 534
679 777
20 156
171 362
877 645
383 910
238 761
125 1015
156 572
983 664
787 231
633 97
107 342
107 851
405 995
1013 703
236 56
664 218
613 236
177 983
36 293
236 709
957 237
924 811
171 983
56 972
462 851
685 298
535 1015
749 718
379 304
302 854
412 1011
612 279
160 882
193 236
557 1
892 957
364 582
572 821
560 377
107 613
364 850
400 412
26 26
725 157
865 856
776 236
231 836
927 156
819 236
456 572
613 745
995 975
107 364
684 51
566 400
882 752
456 1
162 434
153 851
383 172
193 233
703 584
736 694
1013 235
779 983
231 125
687 621
850 492
162 850
177 583
68 26
477 289
474 294
129 983
237 621
156 906
308 66
237 66
983 1010
1 467
870 672
769 640
400 634
851 915
294 966
565 565
316 940
613 107
257 107
55 559
637 983
301 660
112 219
916 725
367 456
850 892
985 162
851 867
613 66
66 543
89 412
106 746
538 237
171 559
449 851
850 734
47 613
809 820
750 21
1022 1
1011 1013
107 506
263 548
107 474
156 162
107 751
979 8
1 664
107 67
672 383
156 920
584 613
983 162
237 995
107 725
467 850
812 799
107 405
107 171
467 794
238 177
177 983
171 703
363 177
851 415
761 711
26 299
534 89
728 123
851 980
664 471
964 972
966 634
728 1023
383 851
236 107
26 686
750 718
456 107
810 940
850 116
374 809
983 107
1007 236
850 107
906 309
235 316
572 160
356 536
470 565
1013 364
125 193
456 687
922 421
767 907
709 492
26 364
156 439
679 1022
664 1
789 959
621 1013
879 565
171 924
136 780
160 722
565 107
1 613
66 405
128 815
142 962
584 9
777 864
622 417
368 366
407 870
67 703
156 353
156 467
356 983
584 177
892 177
107 177
882 79
686 980
577 577
84 957
851 983
68 613
966 66
983 850
536 703
171 684
171 215
604 237
142 769
902 424
983 374
850 850
177 462
231 851
792 107
8 1011
888 177
236 543
107 812
634 1
850 882
479 705
432 613
981 789
983 854
709 309
107 664
157 972
441 231
613 236
84 236
1013 412
171 850
157 640
107 177
6 339
322 160
1013 156
237 156
760 171
131 107
364 605
584 107
566 236
888 68
107 20
709 47
816 572
316 156
51 231
1022 664
289 746
587 26
691 613
621 364
761 156
497 405
645 206
752 77
107 107
107 687
983 237
122 972
279 107
136 865
628 780
656 827
664 107
107 816
725 474
156 51
233 400
457 89
236 107
479 972
865 777
67 910
162 892
441 412
613 84
850 780
162 162
339 251
448 26
26 58
231 850
594 966
927 107
657 672
850 718
939 58
74 761
718 107
412 474
251 107
780 412
226 991
300 364
97 107
668 796
342 68
156 934
812 301
20 882
910 560
899 107
107 497
788 467
1013 572
162 301
621 211
767 193
851 95
1011 162
301 107
206 107
124 131
687 767
821 237
236 769
363 922
313 983
332 705
884 156
382 882
382 107
492 906
907 977
374 231
460 621
412 1013
886 171
479 220
162 851
237 72
815 613
107 400
474 177
863 941
966 236
21 76
883 749
69 364
228 26
717 20
456 983
107 107
65 301
902 9
400 691
851 625
1004 1015
765 489
977 277
322 237
99 672
621 810
525 406
171 400
8 584
172 722
100 625
414 414
3 972
982 709
975 299
657 308
634 613
613 226
748 411
206 850
107 363
966 995
746 992
289 851
160 676
553 915
968 119
972 966
725 634
801 462
613 349
236 993
851 559
800 1011
142 231
237 177
344 107
302 850
177 107
613 958
687 51
237 36
1021 587
89 717
156 882
177 1013
289 972
17 417
8 711
519 634
572 474
397 679
693 309
783 160
1013 687
856 251
572 156
851 197
107 767
891 237
335 865
10 310
814 791
63 557
32 8
159 526
800 20
703 313
672 237
181 238
703 107
709 218
119 63
850 836
692 156
458 201
171 920
400 566
983 84
27 910
229 158
851 983
151 560
799 850
983 948
497 16
496 497
424 66
298 107
744 88
142 378
171 69
613 188
981 119
107 664
20 559
247 847
870 725
153 767
856 237
236 66
711 177
613 536
107 572
20 982
107 887
157 717
731 686
761 107
483 382
309 966
467 836
565 32
962 226
552 69
66 773
171 107
171 1
966 717
612 107
559 171
448 98
621 456
66 177
417 613
1 583
1013 474
888 686
177 298
948 552
107 212
407 1013
864 237
107 773
703 725
411 972
975 1013
171 506
970 237
571 773
703 473
899 123
483 58
177 378
69 162
275 171
560 703
875 237
414 26
89 824
851 379
127 983
236 964
613 850
16 886
302 99
27 237
711 66
990 456
703 156
870 107
107 231
865 983
332 136
226 107
1 95
913 983
957 559
231 769
107 988
655 129
107 3
107 749
910 851
298 309
851 107
106 789
27 130
565 175
417 995
103 1005
497 342
856 983
798 736
107 767
582 171
865 852
456 687
925 51
910 107
485 717
138 66
672 983
583 107
479 100
339 171
850 850
1004 1013
233 45
158 910
107 66
26 298
100 519
851 824
736 8
851 1013
935 299
799 107
672 66
767 780
204 310
49 131
948 58
1 130
613 20
851 95
652 160
850 621
417 810
972 839
851 493
231 777
294 107
294 536
52 236
157 613
125 322
301 226
613 107
789 527
1015 449
342 107
424 968
107 26
107 313
889 850
237 676
162 162
107 983
674 767
1013 762
851 715
983 1003
467 672
157 383
107 543
471 304
101 613
107 107
107 251
310 467
1013 231
582 156
851 995
995 889
882 777
957 982
66 51
95 534
800 171
467 299
300 780
26 497
525 927
613 1
295 711
253 157
107 106
995 962
769 95
925 107
687 177
676 891
684 107
236 966
798 156
236 171
236 406
66 621
734 810
84 851
107 983
797 417
349 69
687 156
865 686
123 128
177 957
107 400
645 1022
294 725
492 349
107 630
474 160
856 310
480 919
32 177
289 69
122 364
231 892
177 171
467 233
1013 964
583 107
777 1011
582 308
378 645
982 968
882 536
572 901
864 851
664 816
107 71
107 725
374 549
107 302
126 368
536 126
107 58
645 3
237 160
736 751
177 433
908 289
375 910
107 497
812 158
313 402
972 1022
162 177
20 793
530 525
962 309
177 301
396 962
231 772
289 883
704 850
457 107
456 850
160 676
247 995
221 279
160 536
634 638
882 275
26 861
95 162
634 850
66 107
107 233
198 687
107 156
107 983
1022 506
851 940
1013 237
107 479
983 839
107 68
177 962
233 687
910 355
236 162
859 32
767 817
940 420
525 583
569 20
171 769
664 850
962 777
850 107
851 572
657 330
634 725
231 565
309 236
177 96
882 107
236 107
296 106
811 236
922 962
158 851
995 65
850 725
1013 509
751 107
584 171
107 467
456 587
634 882
851 673
467 560
882 572
156 474
560 1022
156 412
69 364
142 100
769 246
107 816
983 850
8 107
301 456
613 129
370 621
922 819
820 983
655 156
991 968
45 298
437 20
175 910
726 545
975 664
85 58
910 862
142 156
925 572
613 621
905 162
189 107
417 851
672 982
625 777
499 910
69 231
780 839
232 925
777 972
289 543
378 309
915 298
334 157
703 237
159 407
767 725
962 236
296 293
962 497
850 983
922 769
736 751
107 977
107 552
748 301
100 156
89 490
1022 171
474 851
298 1011
615 107
231 816
982 275
725 47
999 560
299 133
583 456
957 968
171 910
310 301
99 982
777 560
293 107
309 237
171 686
378 772
322 129
980 67
237 711
983 777
112 177
534 193
672 107
851 95
69 406
379 818
85 456
565 983
664 16
922 171
162 910
83 171
1013 613
417 865
497 236
788 559
560 613
158 343
968 936
625 948
107 232
159 107
20 621
634 864
349 577
107 972
66 832
857 67
704 177
159 851
177 116
547 298
817 160
374 462
934 583
966 851
79 966
159 253
1013 613
289 910
850 613
625 107
107 237
58 322
613 850
156 0
767 322
156 177
997 237
309 171
672 17
414 868
342 983
69 736
983 789
309 850
851 236
708 536
107 851
672 107
156 910
1015 296
725 45
412 995
44 467
800 789
236 1011
190 260
842 156
456 850
1005 553
308 793
56 162
621 536
705 233
69 467
977 536
983 773
107 143
995 456
193 826
750 595
107 171
171 850
298 882
559 1022
67 107
312 1022
142 777
313 957
983 499
809 298
725 850
289 236
107 613
613 125
1011 162
695 107
851 800
983 298
1018 107
160 560
171 279
566 975
253 916
156 718
725 238
299 84
275 980
565 865
218 565
906 301
51 1015
238 233
107 625
882 68
948 850
348 768
89 457
171 212
159 1004
957 107
79 767
767 179
560 26
462 497
1018 560
142 298
407 621
107 613
237 457
156 809
1013 474
910 1013
102 851
231 409
84 565
232 881
621 26
851 182
171 107
850 559
3 1013
687 613
412 45
156 456
156 157
684 412
156 538
310 356
232 613
761 524
160 89
536 939
171 8
95 982
172 157
761 8
812 536
1013 1
156 20
824 107
839 972
777 310
613 228
1013 127
553 237
356 1022
560 399
711 382
275 177
1002 66
107 456
560 237
156 107
613 67
801 480
628 0
237 851
892 20
850 691
100 613
20 20
850 1013
107 136
171 16
850 440
76 412
903 812
289 780
850 801
497 129
983 156
316 859
910 587
309 142
703 991
582 171
865 412
32 684
560 236
107 309
295 560
342 962
530 910
565 237
236 379
950 160
160 238
58 171
158 634
339 236
171 852
69 536
364 76
533 171
560 299
289 88
621 577
972 171
171 940
962 972
782 47
715 744
103 909
634 919
69 991
950 107
107 991
865 107
457 948
231 156
761 168
634 123
236 411
162 129
972 1013
850 572
157 245
379 536
237 237
310 815
864 859
810 107
69 278
842 995
1013 538
160 299
888 156
1 672
467 160
850 972
966 524
177 983
474 218
405 474
767 462
289 983
850 621
364 613
519 995
157 511
171 162
215 281
972 940
177 672
232 565
66 916
17 1013
983 233
451 212
613 910
1013 851
1013 160
980 851
549 1013
621 417
298 1011
575 107
910 156
156 851
26 962
244 629
107 780
850 441
107 983
214 157
983 799
329 156
107 66
107 851
1 301
686 687
412 545
777 129
584 237
171 572
3 572
218 467
360 301
413 560
231 850
364 107
615 725
368 136
746 839
432 237
171 156
910 177
160 171
545 473
66 1008
687 542
233 35
584 421
705 210
294 136
559 1
322 20
8 236
687 231
356 377
621 156
236 957
107 983
1 84
417 107
20 162
85 309
560 938
383 467
237 559
27 107
940 218
645 761
634 107
177 462
679 406
962 107
560 177
107 107
441 824
66 69
940 850
559 983
412 301
12 766
107 536
348 236
933 68
382 480
850 736
298 1011
497 613
887 613
66 613
45 577
551 365
602 915
322 850
935 613
560 664
773 519
414 534
457 439
232 69
826 1013
498 134
528 142
97 85
309 664
664 773
927 896
982 412
633 777
777 634
107 1013
816 383
107 318
236 177
780 467
364 1013
613 1
621 262
910 107
474 156
480 565
171 733
193 587
298 691
613 226
867 672
171 625
156 123
983 107
497 462
107 940
298 738
456 302
237 414
364 613
715 294
613 232
613 622
349 107
171 156
902 983
474 856
107 400
767 718
63 66
1013 536
972 762
962 107
672 153
157 69
679 882
107 717
809 570
160 308
613 634
107 289
238 53
467 782
621 301
887 107
161 160
456 400
972 497
981 107
299 322
171 910
171 851
170 3
237 156
107 684
851 962
171 983
851 980
600 206
1011 8
583 745
157 48
1013 97
773 237
291 136
551 922
456 582
748 966
613 519
275 725
126 1013
724 157
232 301
432 171
526 851
236 1
572 621
557 456
966 236
966 107
924 637
616 850
910 638
237 810
551 684
559 368
106 983
587 780
236 687
925 231
463 157
634 134
107 162
986 405
467 655
107 709
983 412
780 861
314 213
972 160
107 962
962 299
206 439
142 983
559 100
722 972
995 983
177 353
8 467
107 850
171 418
205 225
171 237
981 962
123 367
26 140
725 864
672 364
66 1022
0 981
613 364
313 171
222 95
107 850
55 1005
285 295
66 456
850 382
237 851
310 400
1 107
298 571
497 981
289 767
595 146
79 640
107 237
851 593
156 32
298 236
107 156
608 672
882 171
236 364
123 457
107 171
983 171
995 995
302 983
26 364
856 851
585 400
572 1013
107 777
966 857
53 1
339 236
428 803
497 560
748 69
966 782
745 107
902 972
993 657
1013 600
378 160
177 803
789 543
856 572
989 406
8 850
801 177
236 737
761 236
1015 236
53 688
529 811
839 1003
530 850
313 236
882 231
851 107
565 552
165 882
590 107
572 107
107 826
236 769
414 990
424 246
322 412
237 959
1022 462
543 777
171 565
1001 992
123 123
851 66
298 536
20 850
972 497
457 645
560 107
300 215
718 862
746 433
107 850
294 600
887 400
1013 325
1022 462
703 66
853 946
809 749
1013 522
236 156
301 36
129 966
108 810
684 536
237 708
600 306
289 107
289 875
621 687
853 231
349 703
237 882
107 983
851 966
773 1013
467 850
1019 850
1022 68
107 981
66 1005
129 559
851 587
458 1011
613 604
777 69
709 668
406 378
1013 613
922 572
560 664
559 301
647 456
79 95
344 27
687 218
107 231
999 295
20 970
587 634
983 107
27 171
8 905
497 1011
807 172
45 156
584 36
679 133
725 983
851 703
107 972
1022 687
360 177
310 538
172 625
123 572
232 887
621 761
160 171
916 1011
685 687
236 421
972 983
1022 572
414 1
957 966
839 289
236 63
767 251
1013 456
248 668
66 1013
664 497
922 950
909 972
749 107
559 417
206 767
143 414
201 816
983 613
47 672
851 474
1013 422
26 107
364 851
583 47
313 156
964 123
983 107
922 310
559 851
1 107
656 43
288 657
107 231
237 251
107 418
1022 850
1011 107
730 932
672 156
851 634
219 972
684 160
839 177
551 156
850 293
910 968
129 560
467 208
101 412
1002 308
767 1
940 231
941 160
789 850
625 948
299 374
961 1013
497 97
851 107
400 773
191 582
664 400
824 298
97 613
402 107
107 884
782 816
850 393
966 789
703 850
536 237
920 115
983 920
68 856
922 851
536 130
826 993
590 691
979 237
162 613
8 684
20 870
613 709
851 308
962 418
981 69
851 1013
634 51
36 467
149 810
779 613
107 325
449 559
980 583
72 1002
374 208
1013 962
157 236
850 968
613 824
156 538
940 856
983 1
107 699
247 275
107 668
107 767
701 982
966 51
780 966
845 270
613 621
773 761
294 237
107 870
433 107
816 888
1013 746
267 657
364 854
972 374
107 711
171 995
107 412
237 962
247 533
536 582
875 534
684 882
58 709
232 300
156 411
851 236
177 237
131 363
902 750
1013 851
26 302
995 583
725 634
910 171
237 171
613 355
107 850
882 45
1013 393
748 718
162 613
238 301
107 466
1022 602
941 20
851 456
322 172
236 574
687 850
156 226
535 457
750 850
856 1021
45 237
237 123
718 966
107 497
177 582
171 664
559 910
67 1013
160 466
538 851
582 882
746 84
634 530
962 1013
572 364
107 236
177 220
107 89
279 565
684 486
171 309
685 1002
415 922
1006 687
722 746
383 971
767 458
760 689
851 799
107 106
736 560
222 289
409 734
497 892
236 8
225 237
784 218
925 1013
310 107
797 777
975 406
247 138
94 236
313 69
177 687
153 474
129 925
20 613
850 411
237 683
248 538
370 408
725 983
97 67
810 95
851 718
58 232
253 49
322 433
467 339
157 910
171 383
634 782
1013 862
881 600
215 136
851 237
975 1
910 854
374 983
299 501
533 720
85 664
364 79
621 525
156 714
875 100
20 107
820 107
972 277
20 731
582 457
107 8
156 171
107 311
1009 275
679 160
1013 854
972 370
107 593
289 983
107 275
613 703
417 107
957 177
119 405
1013 957
474 160
248 485
687 788
364 672
686 1013
850 245
816 177
414 879
26 289
856 177
383 69
171 572
551 714
413 525
903 275
1022 983
27 1011
107 1022
983 534
206 298
289 991
107 975
236 289
703 66
831 769
1022 421
171 21
839 107
76 966
309 236
634 939
568 171
156 892
107 409
634 851
850 171
997 3
100 999
750 406
839 982
236 882
107 107
364 634
983 298
497 634
616 859
107 613
66 519
155 519
339 84
156 156
725 864
968 962
107 171
530 386
237 129
995 171
177 842
613 850
1003 966
972 991
157 1022
968 572
107 497
47 962
233 20
171 43
668 613
613 236
842 237
1013 456
560 868
26 107
107 536
600 1015
322 932
905 745
171 197
989 782
957 129
484 709
142 206
584 364
85 289
171 20
27 467
107 975
474 970
237 910
610 621
686 108
777 993
854 587
1011 162
171 310
777 312
279 3
851 703
621 497
634 236
7 309
765 1013
703 237
107 801
968 983
177 633
684 236
236 1
850 236
301 634
382 364
100 983
174 97
157 587
572 1022
247 839
559 156
940 89
760 613
525 968
156 850
206 79
535 854
177 713
851 107
1022 902
171 372
473 177
226 441
177 171
170 488
76 125
412 301
780 983
664 892
913 355
330 316
503 107
474 412
474 769
198 107
107 962
231 91
405 32
717 613
460 902
194 483
125 107
884 972
177 107
856 449
323 905
84 129
941 381
816 236
882 107
177 534
608 590
856 236
703 106
171 533
551 559
236 236
106 237
57 777
171 991
107 957
610 850
316 107
621 335
332 157
564 49
8 278
378 400
236 298
125 751
957 156
730 850
125 66
157 26
711 851
107 750
236 668
107 799
177 432
157 709
854 279
456 225
940 980
862 236
940 26
462 107
107 664
672 107
400 353
20 982
613 339
364 1013
162 237
820 584
417 966
939 543
413 107
158 294
26 417
613 844
237 850
231 748
252 982
107 237
291 299
634 672
97 171
851 289
107 374
664 237
85 982
236 107
301 82
551 524
236 289
922 162
559 129
850 301
734 162
157 565
162 107
968 156
572 536
57 982
851 107
191 573
171 851
497 107
237 467
289 899
725 1013
851 613
839 780
69 995
966 686
773 655
20 851
58 107
864 983
910 417
461 941
215 156
851 456
851 51
684 863
218 851
903 962
733 302
177 672
613 621
809 982
156 58
156 177
412 236
231 536
226 26
299 456
310 215
107 20
159 67
69 600
709 364
1011 1001
850 882
107 767
237 226
703 899
107 302
125 156
957 975
1022 134
725 634
703 1011
215 736
45 107
301 703
406 136
850 296
294 851
810 850
100 779
1013 995
810 309
780 107
191 363
907 847
236 237
534 761
475 521
1013 851
583 995
237 231
530 859
379 536
157 177
467 526
237 467
801 237
129 863
236 301
543 647
156 157
920 405
909 957
299 1022
724 970
107 995
156 316
171 870
228 560
172 800
467 8
430 850
777 143
1013 237
79 613
850 206
356 309
262 664
301 49
733 536
1 717
590 313
980 107
497 171
160 171
761 298
613 177
902 801
309 171
237 107
177 1003
962 123
851 725
106 687
1019 107
709 107
449 559
275 736
381 417
172 107
406 440
107 417
356 310
983 157
322 613
160 983
405 892
995 228
1013 572
228 289
634 892
856 722
767 236
107 171
407 32
85 736
301 171
798 45
910 417
456 733
237 218
364 467
162 66
940 107
194 127
910 749
773 780
780 309
535 875
703 504
66 325
364 204
582 997
95 236
613 449
405 769
972 156
851 850
856 538
156 645
746 107
412 51
634 560
782 870
995 405
236 977
244 964
983 752
414 801
1013 157
107 171
69 820
943 902
162 851
228 940
534 30
1005 8
621 116
162 402
664 285
335 975
1013 718
995 850
107 634
621 231
957 160
983 8
270 613
236 767
162 664
664 298
851 107
237 107
851 479
298 467
621 156
433 309
980 572
497 412
1013 634
717 233
602 565
972 237
177 107
1001 177
171 467
188 125
191 851
237 768
959 851
664 827
69 767
156 980
378 724
453 474
637 940
378 421
525 853
237 177
288 761
780 916
171 1013
1011 703
604 79
364 237
69 1
157 919
107 995
864 107
382 177
594 20
123 685
725 171
842 536
767 157
107 639
647 851
171 294
1013 851
851 613
85 962
1 474
538 107
634 177
750 294
645 941
559 171
107 889
275 177
806 236
910 156
800 79
910 983
20 20
711 1013
613 613
218 506
613 959
703 107
411 107
916 773
870 343
171 536
725 572
751 802
74 107
236 474
417 755
850 767
364 780
51 462
990 687
374 851
171 236
703 711
851 171
236 301
587 767
957 1011
1022 299
882 604
955 672
236 621
156 155
27 20
115 20
237 107
634 462
302 309
251 526
862 414
405 374
962 850
714 850
66 925
66 613
43 1022
980 990
107 20
818 559
725 107
366 298
289 862
85 486
906 125
543 850
485 20
107 777
107 982
225 850
995 684
980 941
834 85
162 850
212 780
810 171
962 983
170 237
479 674
882 250
47 153
95 910
709 809
983 107
232 107
107 972
734 237
913 685
672 842
780 212
393 1
734 767
687 711
850 106
231 406
107 66
553 993
107 236
475 364
1022 156
983 1013
236 107
548 236
156 156
536 107
559 253
51 8
206 527
177 703
26 606
782 156
275 780
613 664
851 156
456 634
850 687
407 156
497 339
107 977
107 295
107 887
244 1013
851 236
767 289
474 363
851 417
817 301
565 95
363 613
809 342
215 367
621 467
237 172
982 89
136 600
237 20
417 833
364 564
72 462
470 275
613 493
634 503
497 995
704 668
882 851
827 536
780 177
159 982
711 621
88 300
780 559
948 725
851 799
379 107
196 769
162 850
26 718
720 136
193 237
383 817
777 107
962 604
851 156
506 160
417 748
232 983
850 299
8 724
687 236
377 437
543 865
8 634
237 142
226 157
177 750
171 162
171 349
474 851
634 572
767 530
237 66
298 177
935 718
799 725
159 43
560 868
402 424
107 66
43 1011
236 316
616 20
364 66
318 1022
922 160
107 89
1022 613
301 26
565 870
1 377
583 966
313 691
966 705
66 780
156 983
797 679
289 468
156 171
996 107
263 703
67 983
236 316
136 767
983 237
107 474
1 412
1013 253
402 349
107 323
516 236
128 769
293 236
497 608
177 177
983 440
9 815
559 363
107 966
708 107
107 232
364 536
107 93
412 962
999 913
193 746
364 1022
68 1
625 299
621 289
237 565
407 851
1013 126
995 638
66 1013
851 1013
490 717
251 995
587 467
922 839
125 400
993 572
206 171
349 378
237 854
734 703
864 66
309 160
237 572
1018 767
876 107
560 724
8 119
915 725
49 244
497 639
975 780
939 100
565 759
142 107
590 647
497 9
850 488
237 107
406 748
995 560
206 247
526 621
572 418
684 603
237 910
983 997
348 107
286 171
136 850
69 724
750 773
745 851
685 236
432 456
8 417
1013 773
171 298
177 171
226 725
1 309
511 460
816 983
526 47
309 171
171 767
948 983
171 236
69 237
725 237
107 1011
850 441
940 821
850 966
294 536
621 107
849 1011
713 129
388 1003
745 467
298 157
536 418
177 108
883 97
957 851
89 1011
474 497
467 957
929 156
474 536
718 322
646 156
289 462
613 957
560 986
89 107
909 745
107 107
750 298
882 613
367 156
972 156
364 26
349 158
1022 941
1022 664
107 123
767 474
1013 129
275 157
613 664
645 850
412 966
703 962
572 417
301 905
400 940
171 238
107 793
364 156
106 750
672 456
749 6
703 679
720 613
85 236
107 236
709 237
228 107
593 789
657 613
1022 1013
474 878
345 107
559 983
43 85
856 237
72 621
156 972
816 107
301 9
171 129
308 966
136 107
172 236
123 156
848 20
300 289
564 107
983 977
1022 767
160 850
424 497
157 170
439 71
941 298
251 767
237 156
975 236
8 171
584 75
460 962
732 668
850 851
802 851
177 504
645 983
107 983
237 417
1013 850
316 851
972 957
75 1013
378 583
725 820
722 156
66 878
237 536
853 850
850 143
703 777
177 972
972 850
983 497
156 8
850 999
198 89
160 462
983 583
309 995
309 107
456 851
983 119
621 279
289 107
559 849
927 73
560 995
850 226
171 237
992 613
236 850
983 882
991 726
156 1011
237 102
322 107
364 1022
231 714
156 565
767 534
474 536
175 236
534 572
222 236
236 789
1011 156
171 107
761 882
530 962
803 870
1013 123
565 161
981 703
613 865
497 299
238 171
464 293
456 971
285 582
231 957
972 289
288 107
714 608
882 948
85 299
572 565
160 748
536 928
94 374
364 672
107 519
583 231
156 559
983 693
850 851
621 417
851 850
368 559
854 850
107 780
851 66
525 107
55 966
67 107
456 383
309 800
289 851
519 156
1001 27
983 981
45 634
1013 777
58 780
850 703
613 907
983 584
725 107
749 171
851 226
995 26
20 107
300 625
983 322
882 171
69 206
156 107
875 253
1013 162
983 474
301 107
560 560
613 136
497 417
725 816
687 851
634 565
584 745
467 902
171 1011
559 156
497 58
231 236
1001 1013
474 613
572 409
134 367
861 613
237 107
142 657
247 309
676 107
107 767
746 171
107 298
349 983
32 759
158 177
1011 236
259 511
725 664
405 634
777 160
294 374
69 267
442 850
405 530
983 356
850 1022
613 107
613 761
621 107
983 125
851 20
236 734
20 417
583 236
975 360
171 790
621 970
71 206
107 53
107 755
192 909
766 582
748 691
1022 662
67 687
691 759
462 309
525 634
354 983
850 536
237 543
983 107
790 107
282 107
417 672
162 613
157 410
668 298
237 236
1005 1022
957 964
608 417
851 89
177 850
980 418
107 192
621 474
301 237
1 983
119 412
382 664
171 970
72 107
966 780
208 583
156 457
999 215
797 156
687 854
748 725
107 237
107 618
864 928
909 27
850 342
412 237
882 966
1013 309
149 851
962 237
215 767
107 417
767 587
456 125
497 100
850 703
850 294
652 613
411 231
519 107
717 925
836 231
162 703
536 233
107 566
613 66
922 1013
983 69
972 536
107 932
745 289
179 308
467 809
20 20
107 72
8 909
560 171
107 156
613 972
107 711
604 20
412 171
686 560
177 106
156 851
247 613
779 177
1013 309
983 301
816 664
922 940
8 20
171 84
193 709
156 983
69 672
980 378
565 782
983 983
761 177
621 514
406 107
891 171
560 417
497 684
750 156
1013 584
129 814
309 107
171 856
136 237
908 17
107 69
864 26
621 686
289 995
966 928
412 251
780 572
966 177
613 456
780 57
613 160
236 156
882 966
156 0
236 171
791 311
687 865
142 301
1013 850
549 856
237 760
474 177
902 882
289 26
233 177
107 497
686 851
8 8
588 948
193 839
170 613
962 407
983 308
177 865
972 1013
613 107
882 69
645 1013
621 672
177 686
71 962
812 863
97 177
339 364
703 917
850 26
1013 530
456 171
417 237
237 773
107 301
107 694
212 910
621 613
995 621
1011 298
171 925
66 156
850 157
171 177
687 1011
467 972
74 995
582 751
613 850
868 957
474 107
608 107
983 1011
850 58
267 687
406 66
405 229
412 156
565 142
534 548
157 882
966 536
20 231
851 980
263 107
301 961
142 1
156 237
909 1
717 273
142 412
705 231
393 69
279 484
177 613
107 57
1 925
237 980
160 417
106 412
983 983
972 236
66 107
902 634
236 171
752 995
706 613
177 177
734 621
773 711
156 731
206 868
302 948
247 107
107 171
367 842
300 363
983 414
237 349
1011 216
1022 534
639 107
467 107
1013 302
1018 850
850 564
156 107
850 107
26 233
26 237
107 559
462 160
367 383
446 517
159 301
85 406
672 417
462 399
571 745
1 247
364 850
621 854
634 298
107 107
100 559
536 859
941 625
467 1013
957 57
69 309
237 236
902 162
535 975
162 316
560 882
892 236
745 812
780 938
972 687
983 420
625 267
901 309
980 983
584 1013
215 645
309 378
26 882
237 97
157 181
687 177
711 687
355 910
850 1011
301 441
107 664
467 717
745 100
237 909
1013 1
767 364
983 236
1 736
983 621
301 188
107 713
422 316
1013 107
10 156
1010 106
634 107
851 237
441 588
559 236
174 672
613 604
237 43
650 782
705 159
734 1011
162 237
157 162
647 101
473 749
703 412
378 228
531 613
1 159
560 467
156 806
995 107
364 995
816 412
497 705
209 69
1013 545
883 456
85 467
263 962
1 386
6 490
298 948
972 456
925 1
9 850
156 674
412 414
107 909
536 95
1 304
177 1
364 309
107 107
609 957
157 1015
79 85
990 107
957 467
85 755
302 157
236 686
457 232
554 851
948 966
236 89
20 731
456 106
107 975
107 983
474 160
107 913
745 157
1013 604
847 977
69 613
66 613
107 573
171 628
640 565
107 232
897 820
854 467
107 851
20 613
322 831
983 972
634 316
882 236
122 530
572 536
789 886
254 107
172 107
156 107
107 8
634 236
983 304
412 634
156 156
339 995
613 720
26 793
672 519
162 497
995 887
983 275
640 418
177 156
26 490
386 236
68 780
68 851
968 107
457 850
310 983
1013 1
820 524
1018 228
412 26
687 959
226 247
162 107
237 8
613 467
210 780
703 787
467 851
417 850
457 125
995 888
613 910
613 604
962 456
157 107
746 156
401 780
457 294
236 119
107 85
85 237
782 1013
26 814
420 780
156 613
957 767
584 967
8 36
288 298
171 107
957 171
107 107
730 237
731 107
236 962
583 263
970 456
621 519
793 584
107 231
983 467
171 66
156 1015
983 684
237 672
383 66
902 412
850 645
983 356
356 171
237 8
407 527
177 686
875 368
851 107
107 878
543 613
236 560
640 672
621 298
672 584
1013 107
171 704
810 1013
232 981
851 782
58 20
237 107
954 63
687 738
966 551
316 68
107 928
171 604
377 236
1022 159
535 613
160 805
171 854
497 456
799 107
130 69
564 613
107 107
26 1013
646 171
177 621
559 910
972 957
519 687
177 231
383 107
927 1011
882 108
171 453
156 664
748 100
275 703
142 964
233 1001
767 289
850 236
767 748
725 704
8 236
107 772
215 777
177 882
356 966
300 761
608 625
237 228
20 565
98 529
966 237
809 237
1013 20
107 76
317 171
412 368
26 251
972 717
43 536
625 990
492 177
777 782
107 1015
634 95
565 851
237 364
801 793
171 559
795 703
171 948
277 983
850 160
171 745
405 925
237 948
983 237
615 882
725 1011
1019 534
417 424
780 69
417 1022
107 902
530 892
870 309
667 734
177 231
964 888
972 572
349 160
750 1013
604 236
534 972
244 267
850 1011
891 310
960 123
378 972
851 922
882 559
289 316
638 812
364 575
902 530
725 767
177 412
814 156
851 645
149 882
851 417
612 972
237 309
972 863
962 299
49 892
383 559
980 870
71 865
421 275
298 559
977 66
422 800
1005 238
156 364
538 314
69 911
116 995
474 816
37 171
69 107
107 107
295 107
412 559
806 236
1013 236
279 172
107 613
236 339
645 882
142 218
412 316
574 511
850 215
382 772
107 107
302 438
940 157
957 684
966 58
725 503
177 308
412 717
107 810
457 995
617 107
457 751
850 107
309 175
886 582
414 157
66 191
983 300
687 65
983 917
983 20
1013 613
177 118
983 709
383 536
634 156
957 20
613 600
129 630
983 251
910 282
69 107
750 862
572 613
634 940
1013 865
457 672
107 66
311 1013
709 301
560 107
725 1022
736 711
621 684
107 107
528 850
767 864
711 1013
479 1011
349 107
236 107
957 231
932 810
882 584
142 711
156 107
672 748
854 212
684 560
1011 981
160 948
745 497
1022 236
157 300
553 913
97 983
962 232
289 995
955 850
983 916
229 160
26 827
850 664
546 142
850 1013
604 204
1003 910
613 156
177 810
882 535
157 882
107 156
975 1013
751 1022
107 882
536 3
236 406
294 236
593 107
724 300
107 77
193 560
66 613
925 604
1002 536
309 1011
153 572
761 983
968 107
107 349
442 1018
156 977
156 156
957 850
171 457
171 1013
95 412
193 63
237 177
107 957
364 107
850 26
456 972
379 493
1022 171
980 107
364 957
606 301
177 233
703 850
107 115
864 156
172 634
672 851
455 233
67 703
839 670
816 206
983 617
865 850
107 289
237 468
100 1022
236 640
749 238
57 177
107 751
851 769
237 177
118 289
525 613
100 792
810 614
106 1015
467 417
129 107
566 79
107 962
107 850
417 972
118 986
968 809
231 679
405 524
356 309
780 383
777 378
810 8
910 1022
865 106
703 560
1022 456
349 767
248 57
177 67
159 107
587 107
313 492
300 43
303 119
850 107
687 645
107 613
301 236
26 559
983 684
640 8
171 524
467 905
107 99
773 709
983 232
160 88
1 412
613 384
696 850
26 106
107 420
233 940
725 244
583 20
902 236
364 301
954 107
621 962
983 882
664 301
107 839
957 8
983 711
106 247
374 386
613 997
251 171
767 107
907 711
417 1003
27 768
734 212
231 456
856 587
236 892
172 69
364 565
699 301
308 655
851 730
142 467
1 687
565 236
171 69
55 777
238 708
725 777
420 68
302 107
405 977
851 107
777 303
613 123
107 237
301 406
851 565
1013 850
156 493
634 888
941 975
902 572
95 157
560 1
26 177
125 432
157 718
171 613
559 1013
767 613
51 421
551 156
227 279
107 177
613 237
572 536
236 171
664 298
302 634
1 1001
231 1003
613 709
382 125
177 289
910 68
325 983
156 420
8 687
613 299
69 709
543 847
237 964
68 405
704 107
645 232
425 924
1022 107
983 983
659 474
865 711
679 162
236 986
100 1013
672 736
279 73
58 236
231 777
299 107
6 810
983 965
812 248
237 69
777 825
69 1006
107 474
123 839
67 850
634 497
782 107
800 497
107 108
69 686
842 66
107 237
156 980
107 983
400 577
613 497
162 746
777 850
69 412
301 107
634 236
177 8
107 160
736 225
89 664
621 1013
886 236
456 107
231 559
3 467
382 609
847 559
750 892
672 157
67 983
281 95
406 780
613 983
422 736
107 725
462 687
107 301
107 8
746 966
160 679
156 69
349 922
850 883
171 107
493 156
237 156
309 236
348 810
107 232
474 748
20 69
45 715
406 587
412 69
957 725
226 171
8 299
634 215
107 536
850 467
982 300
572 664
664 107
349 433
156 107
465 806
457 749
715 812
20 69
177 236
107 572
236 559
236 473
1004 236
957 856
237 962
519 456
107 45
924 975
275 157
780 527
58 471
800 782
69 244
43 8
780 972
63 449
535 518
816 300
891 298
238 525
503 134
806 1011
621 288
156 8
552 995
870 1013
228 800
289 850
157 957
412 962
190 309
237 411
493 236
997 177
725 8
441 1018
142 309
654 26
777 709
910 107
156 95
859 882
253 882
374 966
136 231
851 968
279 301
238 309
910 171
957 313
1022 20
346 456
172 850
995 976
922 97
559 172
193 177
405 870
767 231
162 79
810 68
156 993
310 382
851 903
156 236
972 672
20 962
539 577
479 236
467 123
412 645
613 49
977 316
621 449
668 332
58 364
8 322
687 767
289 237
160 1018
107 69
940 417
156 237
430 107
634 237
279 1011
621 727
107 309
160 966
69 122
925 339
812 718
36 474
851 613
236 972
789 43
966 613
913 107
957 177
244 159
107 177
908 577
945 162
66 244
604 156
780 237
749 850
414 779
1022 983
496 850
156 835
177 851
524 356
236 525
780 853
727 412
559 1022
156 364
308 1022
534 991
907 736
156 73
613 237
107 237
474 724
177 1001
474 193
777 143
810 170
851 253
672 309
851 106
36 417
467 293
26 224
780 805
613 402
839 995
587 793
171 51
25 975
762 497
107 298
634 777
559 634
107 156
417 156
853 687
983 780
378 171
253 565
88 602
479 172
289 79
107 236
356 548
236 153
107 559
304 237
910 125
271 983
107 486
171 156
160 686
530 378
422 49
1011 171
107 968
481 171
802 356
613 456
364 6
107 51
922 289
983 226
156 301
748 659
577 856
236 236
237 995
58 672
497 594
940 968
462 850
309 972
348 177
751 800
441 789
993 127
777 1011
1013 128
467 142
417 201
948 1013
74 1013
177 634
613 534
289 744
621 125
226 51
156 882
236 456
335 621
551 172
1011 156
534 957
236 301
613 467
400 847
156 941
856 800
58 152
948 687
162 1013
687 530
237 703
237 565
720 237
850 97
647 852
293 534
236 1013
673 399
850 231
983 289
457 875
882 238
621 289
913 289
543 156
773 383
58 156
57 560
74 634
125 456
310 43
957 750
301 672
536 177
107 749
865 107
841 412
160 366
983 962
851 424
8 171
1022 560
107 171
322 177
527 703
948 171
237 412
841 565
983 927
938 1022
1015 1013
123 237
769 73
1005 406
236 107
171 838
801 717
457 67
364 909
300 63
1011 504
160 870
717 968
972 237
966 499
851 717
604 149
107 312
809 156
777 858
750 759
156 68
864 839
107 237
316 332
751 811
160 722
850 107
799 400
237 313
107 43
89 718
955 251
300 322
335 171
852 79
559 672
69 1001
143 851
298 168
316 412
865 323
128 767
560 534
888 983
559 215
107 298
851 318
664 32
536 467
613 850
315 236
789 910
851 162
972 972
215 1013
530 725
1013 545
82 983
194 746
237 851
850 379
565 634
972 850
637 107
407 171
237 674
1013 851
851 1013
162 67
89 236
177 534
100 1001
66 236
613 966
536 696
107 237
621 941
643 299
957 977
679 107
456 237
810 156
672 51
422 175
406 429
237 559
237 898
983 773
231 494
761 171
159 107
309 68
171 851
668 812
462 995
177 891
621 851
703 789
767 313
941 966
107 418
417 233
157 720
171 983
736 995
995 940
565 646
236 107
983 364
462 188
995 613
107 749
301 859
121 298
945 1013
957 66
456 447
129 474
962 309
621 672
160 839
850 100
467 236
309 177
850 826
26 559
647 957
574 983
856 177
417 851
107 56
613 417
100 621
672 8
634 172
107 888
26 851
157 915
850 565
68 851
8 177
975 160
441 237
171 850
356 559
236 850
107 1011
156 957
301 962
616 16
745 851
966 557
107 177
733 857
850 8
134 734
980 125
107 53
236 634
928 107
1013 565
679 142
237 972
106 125
378 497
725 26
736 467
156 304
407 736
566 107
672 745
107 780
107 851
621 449
418 870
302 948
